0 NaN
500 0.0021292779150432145
1000 0.0021292779150432145
1500 0.002505673657252607
2000 0.002505673657252607
2500 0.00305294844606193
3000 0.00305294844606193
3500 0.00305294844606193
4000 0.00305294844606193
4500 0.003052911915304666
5000 0.003052911915304666
5500 0.003052911915304666
6000 0.004535567431466564
6500 0.005275909703508563
7000 0.004468591610755345
7500 0.00609303150683517
8000 0.00609303150683517
8500 0.00609303150683517
9000 0.006203745550335265
9500 0.005738656525728793
10000 0.006616586349860796
10500 0.006616586349860796
11000 0.006616586349860796
11500 0.006616566085844461
12000 0.00617224034195033
12500 0.006242868110968264
13000 0.0062429046426824815
13500 0.006103054433023415
14000 0.005901142093568678
14500 0.005924756903666682
15000 0.005924740566044756
15500 0.005924756903666682
16000 0.005924740566044756
16500 0.007302278200707771
17000 0.007302293778087088
17500 0.00738539238271031
18000 0.007385377147699531
18500 0.00738539238271031
19000 0.007385422852731868
19500 0.007385407617721089
20000 0.007228230950784988
20500 0.006623592951951608
21000 0.006412581194327336
21500 0.006821037990696689
22000 0.006821037990696689
22500 0.006951594656300134
23000 0.00695160846435197
23500 0.00695160846435197
24000 0.006495812785067263
24500 0.0064958263529903675
25000 0.006495839920913471
25500 0.006495853488836576
26000 0.006495853488836576
26500 0.0064958263529903675
27000 0.00707084261700096
27500 0.007070922656422945
28000 0.007070895976615616
28500 0.007119416025559634
29000 0.007231684121082916
29500 0.0074284540477858926
30000 0.007428441328603501
30500 0.007028131286980547
31000 0.007198054421927465
31500 0.007489324826603247
32000 0.007018796800225906
32500 0.007018808500326591
33000 0.007442299953576416
33500 0.0066977424255645
34000 0.006307649849078565
34500 0.0059371312451618405
35000 0.005937153029861501
35500 0.0055452921610833735
36000 0.005545302707624378
36500 0.005545271068001364
37000 0.005545271068001364
37500 0.005188999158271075
38000 0.0048761955133917725
38500 0.004876205846897847
39000 0.004814493882286907
39500 0.004814524577440297
40000 0.004814524577440297
40500 0.004814534809158093
41000 0.004814534809158093
41500 0.004814545040875889
42000 0.004814555272593686
42500 0.00501959082265375
43000 0.0050196150559135375
43500 0.0050196052031953806
44000 0.005198908240870487
44500 0.005198908240870487
45000 0.005199140964120655
45500 0.0055358713248002105
46000 0.006110365069668428
46500 0.006196919744159462
47000 0.006537878044920019
47500 0.006537878044920019
48000 0.006213424801987559
48500 0.005421466483919568
49000 0.005167149978307003
49500 0.005167158972781103
50000 0.004765252000888061
50500 0.00483693161419614
51000 0.0041060973688026
51500 0.0037859912445412664
52000 0.0037859912445412664
52500 0.00378600846787992
53000 0.0037860465314723127
53500 0.0032491428576386337
54000 0.0033291920303021127
54500 0.002848062712749221
55000 0.0027413579101153956
55500 0.0027413579101153956
56000 0.0025798903342935837
56500 0.002417539884850696
57000 0.002417532050410238
57500 0.0017554328938622296
58000 0.0013811562890707917
58500 0.0012732291153920135
59000 0.0012732137946177451
59500 0.0012732137946177451
60000 0.001273328700424759
60500 0.00129268808145144
61000 0.0012927185560811757
61500 0.00129268808145144
62000 0.0012328290828450687
62500 0.0012328439994683728
63000 0.0012107008821351925
63500 0.001210745400835048
64000 0.0012107602404016664
64500 0.001822699354165213
65000 0.0022940217189296726
65500 0.0025230628946808263
66000 0.002523106308998958
66500 0.002523185901915533
67000 0.0023689402745202073
67500 0.002295984957640321
68000 0.0020314448277684574
68500 0.0020314942807773267
69000 0.0020314942807773267
69500 0.002031480151346221
70000 0.0030566576942064735
70500 0.00325740468276743
71000 0.003015829031023511
71500 0.003015787599251659
72000 0.00300855470112344
72500 0.003411350135205747
73000 0.0037728346676429276
73500 0.0037728478433935566
74000 0.0037070313905646075
74500 0.0034193593204976417
75000 0.003276479982934017
75500 0.0032765329140110482
76000 0.0032765196812417903
76500 0.003276552763164935
77000 0.0035627565202441627
77500 0.003563336391689874
78000 0.003734947444268343
78500 0.003734921192914636
79000 0.003734947444268343
79500 0.003694872353316726
80000 0.004066258410613055
80500 0.004066264895516853
81000 0.004066271380420651
81500 0.004335201697487168
82000 0.0040930666612802235
82500 0.004400156093320437
83000 0.0038685710911378728
83500 0.003868633529944466
84000 0.003868614798302488
84500 0.0037854835033228904
85000 0.0037928957833606317
85500 0.003792901916395659
86000 0.004636795735789148
86500 0.004639889688657118
87000 0.004639877713998862
87500 0.004559545286811664
88000 0.004652505807285333
88500 0.004752965022779281
89000 0.004753012137933935
89500 0.004656671764307124
90000 0.004479357664390405
90500 0.004445424852951517
91000 0.004613258766679483
91500 0.004613281878633872
92000 0.004613368548462828
92500 0.004408942320201178
93000 0.004485749414025811
93500 0.004196020640445936
94000 0.004196032020109878
94500 0.004116669854697504
95000 0.004116647163975817
95500 0.0038612932777157796
96000 0.0035760975816803266
96500 0.0035760975816803266
97000 0.0035761314147091878
97500 0.0035761314147091878
98000 0.003292658650248649
98500 0.0032926755166776647
99000 0.003292664272391654
99500 0.0030252135711064027
100000 0.0030255779347904957
100500 0.0030190721369495357
101000 0.0032202649162786715
101500 0.0029518390400940665
102000 0.0024487138462086673
102500 0.0014313967298752448
103000 0.0011737904423497303
103500 0.0011738608735687216
104000 7.080610178753559E-4
104500 5.366147159925831E-4
105000 5.36641512295134E-4
105500 2.655010525466158E-4
106000 -2.3308734687082158E-4
106500 -2.3977405502613713E-4
107000 -2.1141305900590637E-4
107500 -2.108844020454925E-4
108000 -3.2373042638264766E-4
108500 -5.935871200972664E-4
109000 -0.001395293407823147
109500 -0.001395272734053195
