0 0.0010469646469467358
100 0.006316740983545272
200 0.012718502908943422
300 0.023918636985882456
400 0.03545572214581365
500 0.04767277626340834
600 0.054521177100730546
700 0.060549524280431886
800 0.06669782134869946
900 0.07165331582075996
1000 0.07668196234952748
1100 0.08206676695279835
1200 0.08722719368856573
1300 0.09105827076091755
1400 0.09727841495270424
1500 0.10331359042168761
1600 0.10968841177456669
1700 0.11550942975751054
1800 0.12128474057864787
1900 0.12377903271278329
2000 0.1262177550028865
2100 0.12945952958257828
2200 0.13213311010274728
2300 0.1339686301696948
2400 0.1358668964423888
2500 0.1380057806957896
2600 0.1400972288965531
2700 0.14292182641332815
2800 0.14509516095118283
2900 0.14795605356362773
3000 0.1507165943160701
3100 0.15319331157746371
3200 0.15616239079567168
3300 0.1576231074365034
3400 0.15994458051920965
3500 0.16351984780940684
3600 0.16665363064672492
3700 0.16963983541539837
3800 0.17310607686815252
3900 0.17644597319817912
4000 0.1794797822132734
4100 0.18269605774166175
4200 0.18469171141316343
4300 0.18680964492769478
4400 0.18931244879108733
4500 0.19232705836539957
4600 0.1947537741409468
4700 0.19629702927471818
4800 0.1981126135880268
4900 0.19997821615380657
5000 0.2017222322196819
5100 0.20332272595359768
5200 0.2048076818804377
5300 0.20669908995341935
5400 0.2087853959643867
5500 0.2112238882727473
5600 0.21280787929802536
5700 0.2140481632244003
5800 0.21583735029578788
5900 0.21584576630995783
6000 0.21631012234541783
6100 0.21920656968917787
6200 0.22097070447946573
6300 0.22250983929365756
6400 0.22413046998183145
6500 0.2262372888311844
6600 0.22764519109422232
6700 0.22931849857223846
6800 0.23023346433232425
6900 0.23068052682253762
7000 0.23171049133249427
7100 0.23250978341432088
7200 0.233598586388646
7300 0.23504061703534626
7400 0.23594909497141964
7500 0.23716111743110263
7600 0.23894152169331692
7700 0.23998638070197656
7800 0.24110704508796582
7900 0.24217325764906605
8000 0.24339731342188006
8100 0.24434893790252843
8200 0.24563893588551822
8300 0.24753725947157537
8400 0.24888833842331645
8500 0.2504132012271752
8600 0.25161302295982113
8700 0.2530277982532523
8800 0.25429733420401107
8900 0.25569657141777596
9000 0.2566926071031017
9100 0.25768209926440344
9200 0.2589975814096482
9300 0.2596897500565956
9400 0.2608183716578397
9500 0.26131631122115245
9600 0.26269074650480545
9700 0.26363426321421923
9800 0.2638480173480128
9900 0.26452545591007187
10000 0.2655400101900031
10100 0.26605413573375836
10200 0.2670996890822679
10300 0.26822072161961025
10400 0.2690607321410632
10500 0.27023845446742123
10600 0.27094518087097336
10700 0.27158101677623375
10800 0.2730255915687649
10900 0.27277491128673814
11000 0.27276463813898427
11100 0.27374799709228376
11200 0.27465405144993876
11300 0.2752419088739146
11400 0.2756770949063476
11500 0.2762920125056467
11600 0.27653330116791863
11700 0.27701724517267134
11800 0.2780986605003463
11900 0.27866749800205126
12000 0.2794288482959546
12100 0.28009388868814045
12200 0.2804246891434788
12300 0.28027169290031734
12400 0.28035912675211133
12500 0.28024296384530073
12600 0.2802457592959834
12700 0.2804503762256892
12800 0.2804358962380344
12900 0.2810711576022938
13000 0.28176411169643356
13100 0.2824146688293875
13200 0.28280884202296486
13300 0.2834071857666702
13400 0.2835415986438419
13500 0.2840751249363755
13600 0.2844502316292594
13700 0.28500400113248386
13800 0.28537384022820195
13900 0.2858543643095409
14000 0.28567606752030283
14100 0.2863324588265726
14200 0.2860809836630581
14300 0.2869583410227165
14400 0.28750057511602684
14500 0.28811895498968465
14600 0.2892469205796855
14700 0.2897044793557536
14800 0.2899490837064871
14900 0.29039839275151885
15000 0.29075312156212485
15100 0.29065066489995234
15200 0.290498221844625
15300 0.289908863893137
15400 0.28995903156708713
15500 0.28960169973047417
15600 0.29030579572262966
15700 0.2908801158448782
15800 0.29116980208529863
15900 0.2919598820791319
16000 0.2943650146892457
16100 0.2967808999278376
16200 0.29912950162576424
16300 0.3014258091580422
16400 0.30296601562481346
16500 0.3055733351011766
16600 0.3071243978145735
16700 0.3090556212212796
16800 0.310698118547059
16900 0.31298836008815906
17000 0.3152200903527139
17100 0.3176731767020339
17200 0.3190588185312945
17300 0.32131819856355337
17400 0.3235802891459322
17500 0.325258173593624
17600 0.32718022914320016
17700 0.3288962922042066
17800 0.33002058497102843
17900 0.33144942765137236
18000 0.33292812056583443
18100 0.33507273225524425
18200 0.33716344902978784
18300 0.3392181275117968
18400 0.34109843170256837
18500 0.34282661700589995
18600 0.344405092306841
18700 0.34625537201003
18800 0.34850289118280003
18900 0.34986758130288326
19000 0.3510380684912636
19100 0.3522905775897647
19200 0.35392998873225806
19300 0.3555936313219374
19400 0.3576007656050819
19500 0.35953175242589125
19600 0.36152237099559126
19700 0.36347651481568316
19800 0.3656530894973999
19900 0.36773124421030673
20000 0.3688221379332378
20100 0.36995307048339354
20200 0.3709873428472049
20300 0.37229568585515416
20400 0.3738266167385725
20500 0.37507592378397825
20600 0.3768582239620897
20700 0.3780577172489032
20800 0.37939635905259705
20900 0.38072906210473245
21000 0.3823372492159098
21100 0.38364254632791395
21200 0.3852725382679413
21300 0.38674226538582707
21400 0.3879555945798271
21500 0.3891086309037246
21600 0.39053068376122024
21700 0.3924710737048061
21800 0.39372267204513123
21900 0.39509086247898906
22000 0.3965243602577596
22100 0.3974178248496654
22200 0.3984326413092412
22300 0.3988783274786971
22400 0.3989928556828077
22500 0.39826387433582205
22600 0.39764169167181135
22700 0.3971395671154041
22800 0.3975210986628096
22900 0.39839057838562675
23000 0.39946873570045877
23100 0.4000778875508155
23200 0.40090044915492756
23300 0.40191989874536077
23400 0.40273426363437165
23500 0.40363095603393595
23600 0.4047000194306087
23700 0.405283551283189
23800 0.4058348242427679
23900 0.4066214862880685
24000 0.40705309241495524
24100 0.4074546621563955
24200 0.4082893401308859
24300 0.40894729717746736
24400 0.40969380283907153
24500 0.4105115993865251
24600 0.41111062521971875
24700 0.41203613360960967
24800 0.41285030654288124
24900 0.41372555147808776
25000 0.4146244798809027
25100 0.4151551427065495
25200 0.4154802837937284
25300 0.415870852301978
25400 0.41666038699589825
25500 0.4170887891451427
25600 0.4174778835996469
25700 0.41800638440608584
25800 0.41826504614736304
25900 0.418477407637951
26000 0.41903091192066944
26100 0.4196077760570306
26200 0.4208029457439434
26300 0.42088569289409833
26400 0.4215212148585013
26500 0.42236806037549923
26600 0.4233553359994132
26700 0.4236668133489214
26800 0.4238631254997138
26900 0.4237631293384683
27000 0.4242298905729648
27100 0.4244494416918217
27200 0.4250675219043639
27300 0.4252129408482639
27400 0.42499279542256085
27500 0.4250449053824635
27600 0.42488548812791216
27700 0.4253197952336864
27800 0.42732666761505544
27900 0.4289496176056913
28000 0.43055263666231214
28100 0.4320419450146299
28200 0.4330466174676488
28300 0.4339664531567233
28400 0.43467639710711714
28500 0.4352900837128667
28600 0.4358872982182151
28700 0.43618946951736115
28800 0.43683530829227873
28900 0.43805205541150805
29000 0.43896159930783973
29100 0.4400009084215078
29200 0.4410717384188116
29300 0.44213958022094
29400 0.44335054742317437
29500 0.4444469536804007
29600 0.4456379787125257
29700 0.4469279953121316
29800 0.44844765110802304
29900 0.4499828152849883
30000 0.451583387811736
30100 0.4527033003183089
30200 0.45352714485599327
30300 0.4546328161517879
30400 0.4556605972224943
30500 0.4563928918958083
30600 0.4569194498898604
30700 0.4576003533272884
30800 0.458308593334887
30900 0.45924693546996026
31000 0.45973697739854835
31100 0.46020474620103047
31200 0.46075986036808125
31300 0.4612807247352117
31400 0.4623957521518664
31500 0.46288937636978
31600 0.46352536854712484
31700 0.4628937151399474
31800 0.4624386097162225
31900 0.4618838762819786
32000 0.4613060544705125
32100 0.46086758959428165
32200 0.4607042931459343
32300 0.4606548719889522
32400 0.46062466820911924
32500 0.4605984540344411
32600 0.4606850854613404
32700 0.4605437694995547
32800 0.46052396820535435
32900 0.46060364493578515
33000 0.4606605263589171
33100 0.4608533942785876
33200 0.4607242977015863
33300 0.4608669155705947
33400 0.4606908253962402
33500 0.4606175445048732
33600 0.4606778763175538
33700 0.4607595092672237
33800 0.46090904759729356
33900 0.46102277880627507
34000 0.46101867615250686
34100 0.46108401399092686
34200 0.4611644583918646
34300 0.4612092509079143
34400 0.4612783073065772
34500 0.46122269020031803
34600 0.4611829236734834
34700 0.4611044712656171
34800 0.4608862825193514
34900 0.46078850724919396
35000 0.4610214518399116
35100 0.46109380749886747
35200 0.4610527831718298
35300 0.4611334842276016
35400 0.46117365375959457
35500 0.4612731706199164
35600 0.4613484486076132
35700 0.4615235304357061
35800 0.46173938730986985
35900 0.4619561990114802
36000 0.46189233499715515
36100 0.46214421498104014
36200 0.46237086856832826
36300 0.4625110974826485
36400 0.46270211788113924
36500 0.4625927050907803
36600 0.46251565318365523
36700 0.4624995303708748
36800 0.4626818689045645
36900 0.4627881726719741
37000 0.46290602049712126
37100 0.4629981664563463
37200 0.46300198841111284
37300 0.463131919078421
37400 0.4632742674474725
37500 0.4633397299237278
37600 0.46352470616702834
37700 0.4637196573902362
37800 0.4637968303959723
37900 0.46390039275251876
38000 0.46383762686634183
38100 0.46387689519838443
38200 0.4641903414268914
38300 0.4645575050374605
38400 0.4646529022917231
38500 0.46463218389666755
38600 0.4644814298407286
38700 0.464634991382728
38800 0.4648360060071113
38900 0.4649620302357326
39000 0.46502270262631334
39100 0.4652984282948644
39200 0.46550245128521517
39300 0.4657299360578366
39400 0.4659757511005591
39500 0.46633692014890715
39600 0.46667266294327214
39700 0.46688045590050503
39800 0.4668748611140961
39900 0.46712672826271756
40000 0.46728932435006365
40100 0.4673607531644115
40200 0.4676280503778913
40300 0.46808971698864066
40400 0.46923064199567976
40500 0.4703866554496845
40600 0.47197932542140786
40700 0.4732116355435537
40800 0.4743707595183775
40900 0.47523598872559425
41000 0.4764076515170904
41100 0.4773768566165531
41200 0.4783400062866418
41300 0.47921266625316966
41400 0.480026866143119
41500 0.4812174327998328
41600 0.48238154647105214
41700 0.48348375635136204
41800 0.48469549259244116
41900 0.4853872101104403
42000 0.4859468500352153
42100 0.4872672325360237
42200 0.48846095487205915
42300 0.4886147514767193
42400 0.48868088239411944
42500 0.48875122290172335
42600 0.4890905220533401
42700 0.4891951486332209
42800 0.4893501801777852
42900 0.48954991978787127
43000 0.4901012904947438
43100 0.491012558352308
43200 0.49179279332562037
43300 0.49252568954624343
43400 0.49304443511371787
43500 0.4936878626147994
43600 0.4944941781755672
43700 0.49536963889245617
43800 0.49639930438827895
43900 0.49695096234336317
44000 0.49735039542295645
44100 0.497853579162022
44200 0.49809539938072606
44300 0.49855476490461403
44400 0.49890200754041936
44500 0.499549248856877
44600 0.5002361001588955
44700 0.5011097704544972
44800 0.5021534090209987
44900 0.5032718978969547
45000 0.5043963543339394
45100 0.505296759505921
45200 0.5063485346943964
45300 0.5073695419720904
45400 0.5084901429647503
45500 0.5094280042832349
45600 0.5103931868377134
45700 0.5111000318702752
45800 0.5117172748096438
45900 0.5123651714787154
46000 0.5127829618436102
46100 0.5134427880122546
46200 0.5140895256618921
46300 0.5148077471510741
46400 0.5155687519257552
46500 0.5162718521254189
46600 0.5171028498879374
46700 0.5177892312469262
46800 0.5187290654531722
46900 0.5193061985663141
47000 0.5200995269852958
47100 0.5203667255678538
47200 0.5206511906191419
47300 0.52086535001517
47400 0.5211103876657774
47500 0.5213904457346733
47600 0.5215509328819901
47700 0.5217457925266776
47800 0.5219790578847173
47900 0.5221353385084696
48000 0.5220630813319295
48100 0.5217109589180239
48200 0.5211864576881254
48300 0.5207627480160695
48400 0.5205143751914312
48500 0.5202262944298963
48600 0.5201074585702944
48700 0.5200153216352524
48800 0.519805855640696
48900 0.5196698664376715
49000 0.5193965532576866
49100 0.5192778290990295
49200 0.5192201587314151
49300 0.5190315212270922
49400 0.5188819455517033
49500 0.5186653260923446
49600 0.5185150489942444
49700 0.5185535432648448
49800 0.518456934713383
49900 0.5183981429615471
50000 0.5182385343012234
50100 0.5181533756644584
50200 0.518066185017589
50300 0.5178693519759716
50400 0.5176739115888512
50500 0.5175478126550972
50600 0.5175479112070611
50700 0.517334185850716
50800 0.5173397707910229
50900 0.5172745016228115
51000 0.5170302762930301
51100 0.5169681882948576
51200 0.516880666946524
51300 0.5167875012776459
51400 0.5166500553216553
51500 0.5165651945837216
51600 0.5166205934637093
51700 0.5172173182206073
51800 0.517397462077772
51900 0.5175866777414169
52000 0.5179712237199586
52100 0.5185634773651338
52200 0.5191618737739486
52300 0.5198411401646095
52400 0.5203587508042544
52500 0.5211334897073918
52600 0.5218792941614042
52700 0.5230885947031675
52800 0.5239943266955547
52900 0.5247894476280748
53000 0.5257413832490403
53100 0.5265115095548394
53200 0.5278409440375923
53300 0.5280324971490673
53400 0.528209530002298
53500 0.5284096963337959
53600 0.5285611334892555
53700 0.528803406419765
53800 0.5289822524027125
53900 0.5291263479034244
54000 0.5294701714289198
54100 0.5297550263219127
54200 0.5298436417355247
54300 0.5301575388474223
54400 0.5302551382611502
54500 0.5304646355226083
54600 0.5305681424412988
54700 0.5307153870660359
54800 0.530951510444843
54900 0.5310831364217857
55000 0.5313772151857667
55100 0.5316563129509227
55200 0.5321914625753664
55300 0.5328986238803827
55400 0.5339770340812003
55500 0.5347327997314084
55600 0.5358647500977956
55700 0.5365620464815256
55800 0.5375506031119488
55900 0.5378544009971038
56000 0.5382821266873921
56100 0.5387838275060872
56200 0.5394677485209415
56300 0.5392405455247076
56400 0.5388597816787805
56500 0.5387850372850768
56600 0.5389181690212113
56700 0.5389397280615671
56800 0.5390490589237825
56900 0.5391294689007523
57000 0.5391800149335619
57100 0.5392090864080077
57200 0.5392289469552549
57300 0.5393012847965553
57400 0.5392588593610989
57500 0.5392371875666602
57600 0.5392428852121971
57700 0.5392924738300786
57800 0.5392950590883423
57900 0.5393632807747262
58000 0.5395838861255484
58100 0.5398208857835677
58200 0.5401126579555724
58300 0.5404393070278765
58400 0.5408819069781069
58500 0.5420533668131763
58600 0.5431286228055315
58700 0.5437734597483369
58800 0.5441816400202614
58900 0.5447171662396422
59000 0.5454181043565007
59100 0.5462588645202965
59200 0.5473370095394942
59300 0.5480006858131378
59400 0.5486309285759841
59500 0.5492815946185422
59600 0.5503560719534714
59700 0.5513611598728736
59800 0.5524232581944437
59900 0.5532480047906889
60000 0.5541998261953459
60100 0.5550963026050648
60200 0.5560929437245523
60300 0.557124973259134
60400 0.5578363337421437
60500 0.5584182160703868
60600 0.5591710068911891
60700 0.5606261009466476
60800 0.5614513279028159
60900 0.5624556290987258
61000 0.5634358918196493
61100 0.5642780146878266
61200 0.5650248633833204
61300 0.5664493195070102
61400 0.5673605213227442
61500 0.56779347124287
61600 0.568347445630354
61700 0.5688080968727035
61800 0.5692763940656951
61900 0.569723603663367
62000 0.5705043484252345
62100 0.571296354667063
62200 0.572311011870527
62300 0.5733369853494296
62400 0.5743778413576939
62500 0.5756633932004857
62600 0.5769739444712146
62700 0.5779873204553169
62800 0.5784290404683692
62900 0.578924346961198
63000 0.5798038008827711
63100 0.5803933311767658
63200 0.5811617073347699
63300 0.582038417790398
63400 0.5830604301746812
63500 0.5838953072991199
63600 0.5848777201889961
63700 0.5854881041448585
63800 0.5856534372623413
63900 0.58581235833737
64000 0.5861929293816341
64100 0.5876437373875066
64200 0.5889518842876739
64300 0.5896772921870246
64400 0.590806886794031
64500 0.5915412149309731
64600 0.5930105296726567
64700 0.5942605831707167
64800 0.5959566021830225
64900 0.5974195717899106
65000 0.5985354066717316
65100 0.5996052667018764
65200 0.6008948985216979
65300 0.6023720664746002
65400 0.6029925185826543
65500 0.6030530844678597
65600 0.6032010127328321
65700 0.6032679836803589
65800 0.6040134578302849
65900 0.6053591194880542
66000 0.6060255729755427
66100 0.6069771396581105
66200 0.60798557079881
66300 0.6093569313391342
66400 0.6109434634340747
66500 0.6116008009986101
66600 0.6126012581592776
66700 0.6137192359303024
66800 0.6147918387587683
66900 0.6156412227434293
67000 0.6165281675455424
67100 0.6175835185672764
67200 0.6179960056812526
67300 0.6187824033686758
67400 0.6201922116829769
67500 0.6217031205207743
67600 0.6226361950666738
67700 0.6236567090548271
67800 0.6244802588043541
67900 0.6258028811189768
68000 0.6268479905631992
68100 0.6273771765344721
68200 0.6276835998072272
68300 0.6282096442612426
68400 0.6286168045118514
68500 0.6291846875116436
68600 0.6295848643725862
68700 0.6298362876202873
68800 0.6304963842378917
68900 0.630971261083448
69000 0.6317477432793462
69100 0.632544215556638
69200 0.6328886652505246
69300 0.6333224493741602
69400 0.6338479200551109
69500 0.6344005818572968
69600 0.6348876600861164
69700 0.6352946907550971
69800 0.6360388803686421
69900 0.6370989293515887
70000 0.6382159557879925
70100 0.6390565405666158
70200 0.6396737833380429
70300 0.640252629534455
70400 0.6413147077557129
70500 0.6427825199678008
70600 0.6437918468348244
70700 0.6447097725107792
70800 0.6452831333411024
70900 0.6462558979205392
71000 0.6474081413827597
71100 0.6487564112614864
71200 0.6499877240362185
71300 0.6508913739325942
71400 0.6521767809628791
71500 0.6531995897121209
71600 0.6538760157839142
71700 0.6555247440101316
71800 0.6561553987578237
71900 0.6572132608886514
72000 0.6584539384430598
72100 0.6595149516012594
72200 0.6607824491794108
72300 0.6619807480800142
72400 0.66309815658484
72500 0.6643873449370558
72600 0.6653242433504031
72700 0.6661459617897098
72800 0.6672617246002462
72900 0.6681285843850729
73000 0.6692218291991192
73100 0.6697262347546374
73200 0.6703167703777299
73300 0.6706040318591369
73400 0.6709494098557974
73500 0.6711168425583256
73600 0.671407371850238
73700 0.6717144775851901
73800 0.6720090834006253
73900 0.6729557308046396
74000 0.6750905434299501
74100 0.6777158380916409
74200 0.6799577918466813
74300 0.6807709852305392
74400 0.6819792796376712
74500 0.683305516814356
74600 0.68464330422385
74700 0.6861065582518059
74800 0.6875291357253466
74900 0.6878935009063182
75000 0.6886341181032856
75100 0.6895317312962664
75200 0.690817219067952
75300 0.6922593865326332
75400 0.693472721410334
75500 0.6945929940161105
75600 0.6960142801216157
75700 0.6969481245426559
75800 0.6984300237945614
75900 0.6996726990969344
76000 0.7008018178970401
76100 0.7024160278516085
76200 0.7038897321912233
76300 0.7049884690195037
76400 0.7060390563105118
76500 0.7071765846999797
76600 0.7083777840145556
76700 0.7094938682991616
76800 0.7097614112339073
76900 0.7097954287654993
77000 0.7099756812972904
77100 0.7100209672276094
77200 0.7101785527990059
77300 0.7103723626326331
77400 0.7106038080131114
77500 0.7108205924032478
77600 0.711054333905383
77700 0.7112864967815838
77800 0.712168840091862
77900 0.7132923984950043
78000 0.7142325874887063
78100 0.7152329249076489
78200 0.7163318762509379
78300 0.71693149702956
78400 0.7180247193355033
78500 0.7189410922326619
78600 0.7198429578895263
78700 0.7206724803358645
78800 0.7213495891914848
78900 0.7221731216130473
79000 0.7231633882184918
79100 0.7244207863289852
79200 0.7255301074144812
79300 0.7264170825224591
79400 0.7272288001418759
79500 0.7283046211961296
79600 0.7290851729388654
79700 0.7299670039567295
79800 0.7307793320073434
79900 0.7316694195661217
80000 0.7331169435600139
80100 0.7338535613461785
80200 0.7351954508621529
80300 0.7358057021237664
80400 0.7364192623288778
80500 0.7374549205064106
80600 0.737869708600247
80700 0.7385684087909176
80800 0.7393686435175151
80900 0.7400518827414986
81000 0.7409618879908635
81100 0.7421187501701733
81200 0.7436401717806991
81300 0.7449267035546111
81400 0.7457573671496166
81500 0.7465725026527341
81600 0.7472621583705674
81700 0.7482452826732463
81800 0.7493781446773059
81900 0.7507589966087984
82000 0.7519787186667252
82100 0.7531504128490158
82200 0.7543156736594756
82300 0.7559440243609428
82400 0.7570604762952785
82500 0.7580946155099386
82600 0.7592199076465663
82700 0.7602762487647614
82800 0.7620054854012598
82900 0.7637631885950352
83000 0.7650458465204292
83100 0.7663867010766982
83200 0.7673403457112046
83300 0.768725116654916
83400 0.7698831524269272
83500 0.7712318195278368
83600 0.7721824218855063
83700 0.7733278656546256
83800 0.7739560522893799
83900 0.775034408404659
84000 0.7757434613462181
84100 0.7757633113111091
84200 0.7757173100180899
84300 0.7756376418079383
84400 0.7755866433103417
84500 0.7756032174583506
84600 0.7758112241274155
84700 0.7759674419750586
84800 0.7761723597751208
84900 0.776256453570169
85000 0.7764168484740274
85100 0.7766764256550527
85200 0.776775394868337
85300 0.7770122395908576
85400 0.7771784356877746
85500 0.7774287566464556
85600 0.7777092876458841
85700 0.7779552675760999
85800 0.7780215962280632
85900 0.778271005810127
86000 0.7784545535957954
86100 0.7787695539655131
86200 0.778995266266078
86300 0.77916136894062
86400 0.7794794614987809
86500 0.7796210640792683
86600 0.779835853760232
86700 0.7800656850780391
86800 0.7803513887787328
86900 0.7805203858378222
87000 0.7807904062884262
87100 0.7808946866882004
87200 0.7811522676209519
87300 0.7813990599641972
87400 0.7816928783068996
87500 0.781917363879571
87600 0.7820897362079627
87700 0.7823885218692899
87800 0.782617105449087
87900 0.7828139982055766
88000 0.7830074448195056
88100 0.7832311816611877
88200 0.783459644456673
88300 0.7837613666387927
88400 0.7840088160896629
88500 0.7843325042770115
88600 0.784575722989555
88700 0.784892369963879
88800 0.7852961851591823
88900 0.7855742049493298
89000 0.7857684451511211
89100 0.7860121842998863
89200 0.7864061831705611
89300 0.7868019571872339
89400 0.7872043867516773
89500 0.7874637980882617
89600 0.7876414602094
89700 0.7878207555883722
89800 0.7879755692088027
89900 0.7883649712855828
90000 0.788680537570388
90100 0.7890235657982727
90200 0.7894344656031879
90300 0.7897396154849317
90400 0.7899546279576812
90500 0.7903412288942887
90600 0.7907322186826221
90700 0.7909703255187155
90800 0.7912825827555711
90900 0.7917158484406785
91000 0.7920182521001657
91100 0.7923754440528599
91200 0.7927561759019507
91300 0.7931526217622821
91400 0.7936020108774648
91500 0.7937976938941363
91600 0.7941191974540387
91700 0.7947046009890825
91800 0.794963187236778
91900 0.7952834403107716
92000 0.7956110896407488
92100 0.7960564022922066
92200 0.7964464447388592
92300 0.796849471048065
92400 0.797140715914885
92500 0.797637573056958
92600 0.7981345324781361
92700 0.7985236185638273
92800 0.7990086516062277
92900 0.7992757535269417
93000 0.7996228868560566
93100 0.7999822883766718
93200 0.8004293125053366
93300 0.800960927413158
93400 0.8021043257539534
93500 0.8034652155852062
93600 0.8047179589775865
93700 0.8059333009317878
93800 0.807301953276361
93900 0.8086323614000256
94000 0.8097767154491179
94100 0.8109322452956722
94200 0.8121624788988818
94300 0.8134223863847718
94400 0.8150808750186576
94500 0.8160729732594477
94600 0.8172829037787998
94700 0.8189032545493657
94800 0.81976451725512
94900 0.8207251670918921
95000 0.8217660857462459
95100 0.8228398305846554
95200 0.8237843979526139
95300 0.8249963931969556
95400 0.8269279854468917
95500 0.829101402044223
95600 0.8312755337420656
95700 0.8334300722699082
95800 0.8355705598447157
95900 0.8374588907814408
96000 0.8389835668995568
96100 0.8405130981216494
96200 0.8415166486711045
96300 0.8431172321135892
96400 0.8442715664162995
96500 0.8456142095394151
96600 0.8468561732662142
96700 0.8479456707215127
96800 0.8493996719365102
96900 0.8513065057489703
97000 0.8529254492339943
97100 0.8543740428254465
97200 0.8562080171291199
97300 0.8579047666575367
97400 0.8594208062062887
97500 0.8608743935704677
97600 0.8622374039380847
97700 0.8624642666332698
97800 0.862814103996294
97900 0.8638691830474187
98000 0.865542891122602
98100 0.8672200705384987
98200 0.8689265768810494
98300 0.870291030935152
98400 0.871808828817419
98500 0.8731685949042016
98600 0.874928163573765
98700 0.8752991452343588
98800 0.8757243896166097
98900 0.876879784369499
99000 0.8774034413271056
99100 0.8786775344866289
99200 0.8801594967954194
99300 0.881911068233839
99400 0.8838272596352024
99500 0.8854356445310956
99600 0.8868856468991052
99700 0.8887329042435114
99800 0.8899885268298608
99900 0.8915161405513128
100000 0.8929273949714489
100100 0.8947103935648856
100200 0.8964537794151572
100300 0.8981188042820728
100400 0.9001271035755583
100500 0.9018526401152659
100600 0.90302955294775
100700 0.9043059878874385
100800 0.9050082321321004
100900 0.9061010940978187
101000 0.9069435746108373
101100 0.9079673816508432
101200 0.9087018948992333
101300 0.9098071059262705
101400 0.9106067851910988
101500 0.9110700189032069
101600 0.9114136964418954
101700 0.9118457466384862
101800 0.9122178844113186
101900 0.9127431905980367
102000 0.9130905014725019
102100 0.9134868220663798
102200 0.9139281146753361
102300 0.9155874589415782
102400 0.9173864566998133
102500 0.9190975304716561
102600 0.920695919234244
102700 0.922181135895283
102800 0.9238414469465099
102900 0.9249842112879452
103000 0.926882287516536
103100 0.9278841099998282
103200 0.9290997608056941
103300 0.9296766112369327
103400 0.9308104888015799
103500 0.9323541590408079
103600 0.9327269953099502
103700 0.9330347381595224
103800 0.9334926627199807
103900 0.933921850662083
104000 0.9342613456915444
104100 0.9347832953796539
104200 0.9353401752987649
104300 0.9357064997842875
104400 0.9361865323920231
104500 0.9366297955958889
104600 0.9369277040268847
104700 0.937684079979304
104800 0.9395218378480694
104900 0.9412461633225063
105000 0.942380831864561
105100 0.9439738447775
105200 0.9457297941035622
105300 0.9467998182095606
105400 0.9491997551317852
105500 0.9516046668670014
105600 0.9537398630912934
105700 0.955715804416059
105800 0.9573137052740449
105900 0.9592004689681787
106000 0.9607376196329221
106100 0.9622554275416858
106200 0.9638443640206805
106300 0.9659135432092849
106400 0.9681929966351921
106500 0.96941571512575
106600 0.9696736449559362
106700 0.9698441610771903
106800 0.970205595716997
106900 0.9704378470516063
107000 0.9707072575292957
107100 0.9709254755320976
107200 0.9711623752582129
107300 0.9713518403926547
107400 0.9717310607887986
107500 0.9721769402601672
107600 0.972354567084213
107700 0.9726289753651908
107800 0.9729138308769855
107900 0.974518345030782
108000 0.9766200771517675
108100 0.9779084082769938
108200 0.9793396164719357
108300 0.9811882592779224
108400 0.9819483936735438
108500 0.9821238681279091
108600 0.9823677190805926
108700 0.982553683885042
108800 0.9826789758269083
108900 0.9828397984684208
109000 0.9830231855166943
109100 0.9832037634356056
109200 0.9835911878535036
109300 0.9842132568656471
109400 0.9858056390799828
109500 0.987407042173649
